$ANSIBLE_VAULT;1.1;AES256
32623737303832646235363434613330376438633338336233366533316232613763623230316565
3234393234653462363066623466363763326464656537310a383735313031633036633061393131
61373736623763646632316563303433303565363635303331646135346162313839366535306662
6566326137363162370a333032303437356538313265373266303430333631373138613134383562
35366638343334343466646462646438346437663361313064363263646263343365386465363562
39633965626136636130616230393639613234663133653234333735323432633466336563396562
32663866333561613933333532353637396539633362363961646538616131336333393061663830
38363238653463333865373933303466333738616633643730383364386166396539633239623339
30643839323763663961633136356530646461383432373530646162313131303732633465366137
33343165393433623630366538313934393039633731353632613830623337663337383937373063
32353338396365356136383263656566643830343666353837393762626161313864663264646631
30306163303530633437656139663662646432616264343135383163376536653131636437306364
64396263366163373762663264306262343864613437646665313437643761383036623933353362
35636238396562316562663330363961333532303633323830373735626539383264336132326161
66353936313131663161633336663630353433316366396366633936343062663431653666336633
62373863343861643531376461363263313331373236353936393565393331636362303135393335
37306434343636316134393931363761613437343965353933306533386262616563333939336561
35386162643161643933376134393432343066343736373065663734336335356536363430396433
62336162666538346233393534656630656337333164656663666262316239363761663732616465
66353130376333333935353436396561303933336533663466623163646563343766333131326237
35653239653438373964306232386538343439383636323237393532343536643236323662343962
64383433656464386631653461656635623236656264646234366233306534393064353939643338
36636334323364613362306263383234303330343337656439623565336333623936326538663236
61613839396634313732336563343530636665366562343163303463316463363238366334303464
30353431383636383930383763336665613532396632356333316662376633376637313330666633
62363338636631333366346139646164353965623665646266333233616334376637386363333639
33313565333164636438626532343238313633656266373462373861643566646630653236363664
64613465313661333762303938643562303139666530656334366132336664613564313961303337
32306630626334376537383162353631323464643131376163666466323134323138623061663065
31626238666130376434373865633533653761313564623637646432383038663439636465666232
32343662623966316139623536623739326366633732303736613131386263323439623061363166
36383636653735363633653234653264626163333563366634303266393662643666636438366566
37396435643263373238363530343032653466313337323037626661663133623065363262303164
33326237363631626333386565396536633562653738623034656534303061323835623938653966
61336636653733356631333034353736313362393661646432366266643830396535376238373634
37666438366639363436323033313364616632626432616530373138353334653433646336373966
39336234353636306632343264376364316239326338323230646230616136663039633131613263
31376162366263383565393532633334643736396162633061613931346239383638366135653065
31303231393139313931393132633962306234613832643162303464303334373162666638663733
66303130393035663739623563356337336531626633653232663138636636306166633262393263
65646466653936383238616364303062313962336136336562306633336430623334
