$ANSIBLE_VAULT;1.1;AES256
34663033646434636361383862623166653361626237616165303533666432393632313639666665
3265326637333031353639623534353932333532613466320a633333306230353335373430303239
65626166396534343964363532353863646134393431343234656138623866386334383663316537
3562646665666132340a353864663532393437393866633063633739663235306663323735396466
34363334346461366331623462303166396438646335626135363838643033393331343331653362
62373532333766346431353139626564623030366432353737636233326561633565396335633136
65303835333531613366323665616431336366316330613636333731383436626338656637303731
30353361353532346639663837363938323362623962376131626538303664643831323932663265
62613838313765313234303363313437663833396534323133623439323736343365646637653934
38383932643565646465623365636233396263323865313062323034383362333030353339363464
36623565646261653464313063313566393665383734656331343533633534313331633536653237
62626466306562333864343462626337343031613564626562326336623363656265373766313863
35326534333965666565653964343236626530666431663733633531306131623435663733366339
66336462653834383133613236333735633033383062396161633766333566306662383363396533
65336563353035366139626535656439613861653166366262363330613939613130326239323533
38306366313162396635316131353035363862346636396431383131313934313237613135376634
37323063613661626265333363353630313565643332383233333261656330666237656233323038
61323964623665643538646436646630613737366665333064626665353561663161616539666238
33336166616633643832366631323734666138353631343637303762636163386166383364636136
33626333323761656263613432376635356561343934616338343430613133376332316131343865
66636435613834333336346562656434653536646561393238626262616137356366613834643630
34663039323834636630303936396637343566356136326230666633396635643061303362303834
31393131643330663336363933363962386565343061646332306363633131393462366130386262
39646430666636636566623033313532663639663764343936313131343635303533656331343565
66343236343566343861663733636531326362363964613433653337373833346130633531316264
64333434393436346365316130643338393033393830373466616535323733373162363564373735
32343334636263633630616363333535633864656164303231333638303739376638656538613833
32613163383961303463616466653362636661653138613734353739353537356631623866646536
32373230306664666165383137343865643839353535616238303733313562373135386662326162
65643362643638316133613734343531616337353139363035353030383137373530626662373664
34376165316231626337633230663534346232336533346265366164616434616137323231386530
32623166666335656639643535326532383564643531643834636130373136333364656435323139
62353430653639636536336566636331303338316562646132333630653466653163316666643066
66346661646630306664636331663833653937383237376530333531333565313835376234373234
37333562316432633964663732613630303632333764623362343932333066353864613932356133
37636630353764666234326338613334663634346136336361336530633739363937373933366263
62616637373166356436353234656536363966643439343537623963626165336232353762616335
30616133653834393234313031366638306638356333656332323564396634316339366431313437
37656666356632626263663865353263613464613461303261396262336336373365326663383562
61396633373565306236396238366535316539383633653365623639653137343062613238633932
33306333613933343039656266623466363066343036663461656363626331333136643033313231
39303063643161383662616334316138636335353837376234336265636130626232303635343434
37356334623137636435353137356335633831363537643436323663313230643561386130396633
35623534366164346337633632356136363836356162313864343265373862376462636433306666
36643561393637626365313266633833396330613532323832313839356562636238393966373039
63656266303538666430663532303632346162323339643639303636663330366362626235316262
33323866396265623037386533383138646264386432323264383231643434373163646433633836
64313064343331633364656262393335366631306337356364303463613763376165313633386332
64353663643165653236323830626462633031383766373935343132613464346462386436326534
61383639363633303261383530373262663861656361386462653635666563383664366362616633
62643635353331343235643233666232613532343532626638643136316135343930326663623639
66333538623630323763346333366534623665346433633532306166653735643334653564636335
64396436333533366562333966343565663161376136383736373638316661316534383131633736
37333738656665373364386232343830373235323430616661343738393830376530393838613565
32636131383166663339653262646336396361323431636238393265323433326162333565653434
64666433363733366164383135633833616239306337303731313130393837346533636363656562
31643438623364363737346436666339663464663033323130336330623237636530336263633964
38383165663633346332656138626636386235376430646561646163663034323965373431303437
33303061313139623631393663613562393531653430663138353732653035316530653830613162
66636137666637643630663232346163356331373832393338353762346436303663323935306139
66616536653964643364663961613738343366633064643034363631633363393034363062323364
32393965613965346663633636323837393533336665653032616631383830353662393337636133
35633435633735326264353365353661353033373463383434353835643161323436626561643239
38343935316531613265653064613134633964393935633034316361613232633034346566396635
64666262353163306533306438343730303931386434656663636262333137386634373063326130
33616361343530363736336266393632366663623932353464623964643635383132616434316162
37653631633363613838386461333230633764656462626535373739666432323433626238323133
32373131306636343630353763356662383964303932366131366366376235653930656635643066
31343361393464386539636661396431653863653262306136663966333435663365663831663266
36356265643563356233393765373535333961386463643232363936663237313535386663343364
36386230666432383239643239363461393834323230643230313137323962373130636263336663
64303036366237663338373131623963656236623962303733336139613233646638393762383066
32393139396233363861363065643465663162313231636231386337616534343362633831306130
63633834333662666263613030333137386435346630326132343639656664666638616330613366
35633637326364323834643832313061323330656537376431346136396131323463643933613531
38623139306630303161643239623463326133393762376336646631356165626435306466623433
32366537633336653165643064326666346166313439616232393566666634306666336565653361
61653738373561363437343038363565353132396463353235626263373765643230626362336633
62356530363930373063643033626437336630366662633565316634656430653239656634316465
34303937393130343663316465346634623866623431333331393335363562396463616562646138
62616239363239333565336434666132323337343939316233376238313565643935616532373261
35373533646434383865646134333135366266333533633330363964636334383431393136326330
32333738373234366637646439323832383438313236626666633337353638633934376264363661
37616632363062643530326533663536386266633064383365656435303864663265303036663036
38656132653561386234643230633462626264333537396666353666653633323864616165303931
64313435353765656233633136313631303461633135613535326565633061333163663031323863
62336239646465366533373266653936393465396562383762393133346464383637316661656662
66653332313330336530663636353332303138333133646438343936306330306464636230363738
37353532363836613532666133346365663962343934623734363639666137323663313566373163
62666363336665613534343231666462356639306637393931316130383163303130336565343565
31323036626164626135386131393866646439393963356437336134356266376265386361353334
35663733626132313763663064333763386133336564313261656163656535656633373032613161
61376237316437343165623363643030616232343930313331363763643834646632383163353138
37303965663536366464393035333962633864336131663635336364383730623063346330363730
30663637613364333737363462326631326635306130386133373831613231383739313434656665
30636662373239653739353862623266333732623539663337623566393834396164646235356161
32646439306539353661323162323064663039386239366137373334313361306362386638386232
65393637666562343764383839626465643564363562333261303331306665373534356336303935
39653733633666626365376136383064386134356133363563656232363365366433376461353232
64343966323631346562383964613232346235363463323637303437623430336562666237363832
34613834656335363731383361363662316137353763623066636236393736303562663830363637
32333437376137363635333764323135333239653761353036616131363230373138393462633964
62353964613963623231366632653638333732646633356364336163636238643739333438646466
65616234613634393962336265326633386564666635366662303936643461363364333339306530
65353336303264333634386161366633356239643132613931313966376463363032313863633833
31383733626133346637303231663965363166633565346238306135646466323566633532646235
31313132633036336632643466383235393364663461653332663339376633616236366335633734
38363836643764346639663066363165356565613033653764643838636435393665363934656632
35343335363066363533333336656237323236316563383931616466366339666337386565623937
36613631336364666136363966316330353830353833313062326639393531316239646665326532
35653563346639636562373630656234623835376262343765313635616332353662623439373666
66363430623236343838626565656532356239363864353839643939663733653632353534636230
37626637623833663261313630323830633962633332623266653333616437623833343939316363
66326366343263376536323164653662343864386237383264346461646262643234643534353936
66613730386464626566643431613166643364363230646362343035613565333133323532313236
33323737626335663036306633363263343466636637306463313237663865633531643463353430
34653730343331613566633038366662343365333330336462666238656364346162393333326264
37313264653834663139613838346161653132353765316436656263666436383733616436386566
65326564336134383864623432303438333762643937323334623864353130343533393138356566
61336364626162643337353064396236346662386462643966316233623835663137353136613864
35363735346133383238656231303531336163623032373030393864316338363838393263376264
31383235333666336336326134663465653332656631353430323331663565613631336135323832
39353832626166316464306136346465623064333636333636373433626563363761326634383863
36663864383430333331643838643030336433313564396465646236323739653466373764353063
35306238663065383362376532356663613863373635343935393838386165356364633265366638
34333437383639663139346431666137333239653462373662336464663933353433316535313236
36663462383064356535333638376366623862613963643736396165613165333633656537376435
30356532313063363733653264376362636463323633373631316462653730386539613934656237
63343836646336383564636530656337343034616239626137653262326635393866396563393965
65303034333066343661316663666538316232333162333063613236353933613837663262376230
35393036646566663065363937376432653134653465323039353563346631306632303135323466
31613834346434316632646630336339353861306137336438616563303630376131303765383234
63333730333831623036343039353366366566383030643031336137353162633536653564633636
3462316464353439386333643033353931663065323063313036
