$ANSIBLE_VAULT;1.1;AES256
66633261383534363139376331396632326339653333336136343662366662636232353532616330
3239343661303136343734656265666539346165313839310a356230343939386161633133333034
37393136386439313535656530383365643664616265366162623062626533386234323434383934
6338386437613863620a653131643233363934646665646438346365373435653463346530333736
35383533376561323266353733646530306234383961376636613931626637336665633835313831
65373630656636623433383638383932623733346238653531373531373938316437643039636463
30396564336361383639373730303833313533646462653830363534366337613732363137306632
30666635633330393731303133366335343532323438363839646666383635373738613463333630
65623461386636316339373930646138633932663737366531326638623363616439666335306630
39656637633631303161343831393263666435333938373933663466633761613935646134643166
38393636396561343737323433626465366534646266613733396161346135333734613166306466
32376634633437336162
