$ANSIBLE_VAULT;1.1;AES256
61636565306463323137323934613162613535326638643932613930626137386133623463333665
6265633636373763663231633830303237643131353766640a333930346437353334336137363031
63656539646162336335353531616265386266663363353934333634623631316363613530636162
3837376264306537620a666463323065343131303165633139313364653732313438343030383264
34373132393431653132643832626432353432653064376239313135313965623963373634636362
34613535633630666230663830656639363065633964656561633430373966373431363031663732
37626663336265363033393832656463643939346337396261366234623663613832363735323434
65633439643837653131353434313564666137373338356365636636623534626337643239396330
33636636323533343665636161366564383130386138613439383364333365376337323964363232
64616563613330663437623864363038313438333935626566386230353139356633386161656664
393030336138376166656138303935303136
